/*--------------------------------*- C++ -*----------------------------------*\
| =========                 |                                                 |
| \\      /  F ield         | OpenFOAM: The Open Source CFD Toolbox           |
|  \\    /   O peration     | Version:  2312                                  |
|   \\  /    A nd           | Website:  www.openfoam.com                      |
|    \\/     M anipulation  |                                                 |
\*---------------------------------------------------------------------------*/
FoamFile
{
    version     2.0;
    format      ascii;
    arch        "LSB;label=32;scalar=64";
    class       volScalarField;
    location    "0.6";
    object      gradTx;
}
// * * * * * * * * * * * * * * * * * * * * * * * * * * * * * * * * * * * * * //

dimensions      [0 -1 0 1 0 0 0];

internalField   nonuniform List<scalar> 
100
(
92.1587
-3.84981
-0.138525
-0.00250663
-3.23675e-05
-3.31927e-07
-3.04909e-09
4.44089e-14
4.44089e-14
2.66454e-13
3.33067e-13
-3.33067e-13
-3.10862e-13
-4.44089e-14
0
4.44089e-14
-4.44089e-14
0
4.44089e-14
-4.44089e-14
0
4.44089e-14
-4.44089e-14
0
4.44089e-14
0
0
-4.44089e-14
0
4.44089e-14
0
0
0
-4.44089e-14
-4.44089e-14
0
0
0
0
0
4.44089e-14
4.44089e-14
0
0
0
-4.44089e-14
0
4.44089e-14
0
0
0
0
0
0
0
-4.44089e-14
-4.44089e-14
4.44089e-14
0
0
0
0
0
0
0
0
0
-4.44089e-14
0
4.44089e-14
4.44089e-14
0
-4.44089e-14
0
4.44089e-14
0
-4.44089e-14
0
4.44089e-14
0
-4.44089e-14
-4.44089e-14
4.44089e-14
0
0
0
0
0
0
0
0
0
-4.44089e-14
0
4.44089e-14
4.44089e-14
0
-4.44089e-14
-4.44089e-14
0
)
;

boundaryField
{
    movingWall
    {
        type            calculated;
        value           uniform 191.745;
    }
    fixedWalls
    {
        type            calculated;
        value           nonuniform List<scalar> 
201
(
92.1587
-3.84981
-0.138525
-0.00250663
-3.23675e-05
-3.31927e-07
-3.04909e-09
4.44089e-14
4.44089e-14
2.66454e-13
3.33067e-13
-3.33067e-13
-3.10862e-13
-4.44089e-14
0
4.44089e-14
-4.44089e-14
0
4.44089e-14
-4.44089e-14
0
4.44089e-14
-4.44089e-14
0
4.44089e-14
0
0
-4.44089e-14
0
4.44089e-14
0
0
0
-4.44089e-14
-4.44089e-14
0
0
0
0
0
4.44089e-14
4.44089e-14
0
0
0
-4.44089e-14
0
4.44089e-14
0
0
0
0
0
0
0
-4.44089e-14
-4.44089e-14
4.44089e-14
0
0
0
0
0
0
0
0
0
-4.44089e-14
0
4.44089e-14
4.44089e-14
0
-4.44089e-14
0
4.44089e-14
0
-4.44089e-14
0
4.44089e-14
0
-4.44089e-14
-4.44089e-14
4.44089e-14
0
0
0
0
0
0
0
0
0
-4.44089e-14
0
4.44089e-14
4.44089e-14
0
-4.44089e-14
-4.44089e-14
0
0
92.1587
-3.84981
-0.138525
-0.00250663
-3.23675e-05
-3.31927e-07
-3.04909e-09
4.44089e-14
4.44089e-14
2.66454e-13
3.33067e-13
-3.33067e-13
-3.10862e-13
-4.44089e-14
0
4.44089e-14
-4.44089e-14
0
4.44089e-14
-4.44089e-14
0
4.44089e-14
-4.44089e-14
0
4.44089e-14
0
0
-4.44089e-14
0
4.44089e-14
0
0
0
-4.44089e-14
-4.44089e-14
0
0
0
0
0
4.44089e-14
4.44089e-14
0
0
0
-4.44089e-14
0
4.44089e-14
0
0
0
0
0
0
0
-4.44089e-14
-4.44089e-14
4.44089e-14
0
0
0
0
0
0
0
0
0
-4.44089e-14
0
4.44089e-14
4.44089e-14
0
-4.44089e-14
0
4.44089e-14
0
-4.44089e-14
0
4.44089e-14
0
-4.44089e-14
-4.44089e-14
4.44089e-14
0
0
0
0
0
0
0
0
0
-4.44089e-14
0
4.44089e-14
4.44089e-14
0
-4.44089e-14
-4.44089e-14
0
)
;
    }
    frontAndBack
    {
        type            empty;
    }
}


// ************************************************************************* //
