/*--------------------------------*- C++ -*----------------------------------*\
| =========                 |                                                 |
| \\      /  F ield         | OpenFOAM: The Open Source CFD Toolbox           |
|  \\    /   O peration     | Version:  2312                                  |
|   \\  /    A nd           | Website:  www.openfoam.com                      |
|    \\/     M anipulation  |                                                 |
\*---------------------------------------------------------------------------*/
FoamFile
{
    version     2.0;
    format      ascii;
    arch        "LSB;label=32;scalar=64";
    class       volVectorField;
    location    "3";
    object      flux;
}
// * * * * * * * * * * * * * * * * * * * * * * * * * * * * * * * * * * * * * //

dimensions      [0 1 -1 1 0 0 0];

internalField   nonuniform List<vector> 
100
(
(-4.15266e-05 0 0)
(5.66934e-05 0 0)
(-1.29409e-05 0 0)
(-2.01449e-06 0 0)
(-1.96295e-07 0 0)
(-1.42548e-08 0 0)
(-8.199e-10 0 0)
(-3.89455e-11 0 0)
(-1.59757e-12 0 0)
(-6.98357e-14 0 0)
(1.33227e-17 0 0)
(-1.33227e-17 0 0)
(-1.24345e-17 0 0)
(-1.77636e-18 0 0)
(0 0 0)
(1.77636e-18 0 0)
(-1.77636e-18 0 0)
(0 0 0)
(1.77636e-18 0 0)
(-1.77636e-18 0 0)
(0 0 0)
(1.77636e-18 0 0)
(-1.77636e-18 0 0)
(0 0 0)
(1.77636e-18 0 0)
(0 0 0)
(0 0 0)
(-1.77636e-18 0 0)
(0 0 0)
(1.77636e-18 0 0)
(0 0 0)
(0 0 0)
(0 0 0)
(-1.77636e-18 0 0)
(-1.77636e-18 0 0)
(0 0 0)
(0 0 0)
(0 0 0)
(0 0 0)
(0 0 0)
(1.77636e-18 0 0)
(1.77636e-18 0 0)
(0 0 0)
(0 0 0)
(0 0 0)
(-1.77636e-18 0 0)
(0 0 0)
(1.77636e-18 0 0)
(0 0 0)
(0 0 0)
(0 0 0)
(0 0 0)
(0 0 0)
(0 0 0)
(0 0 0)
(-1.77636e-18 0 0)
(-1.77636e-18 0 0)
(1.77636e-18 0 0)
(0 0 0)
(0 0 0)
(0 0 0)
(0 0 0)
(0 0 0)
(0 0 0)
(0 0 0)
(0 0 0)
(0 0 0)
(-1.77636e-18 0 0)
(0 0 0)
(1.77636e-18 0 0)
(1.77636e-18 0 0)
(0 0 0)
(-1.77636e-18 0 0)
(0 0 0)
(1.77636e-18 0 0)
(0 0 0)
(-1.77636e-18 0 0)
(0 0 0)
(1.77636e-18 0 0)
(0 0 0)
(-1.77636e-18 0 0)
(-1.77636e-18 0 0)
(1.77636e-18 0 0)
(0 0 0)
(0 0 0)
(0 0 0)
(0 0 0)
(0 0 0)
(0 0 0)
(0 0 0)
(0 0 0)
(0 0 0)
(-1.77636e-18 0 0)
(0 0 0)
(1.77636e-18 0 0)
(1.77636e-18 0 0)
(0 0 0)
(-1.77636e-18 0 0)
(-1.77636e-18 0 0)
(0 0 0)
)
;

boundaryField
{
    movingWall
    {
        type            calculated;
        value           uniform (-0.000218659 0 0);
    }
    fixedWalls
    {
        type            calculated;
        value           nonuniform List<vector> 
201
(
(-4.15266e-05 0 0)
(5.66934e-05 0 0)
(-1.29409e-05 0 0)
(-2.01449e-06 0 0)
(-1.96295e-07 0 0)
(-1.42548e-08 0 0)
(-8.199e-10 0 0)
(-3.89455e-11 0 0)
(-1.59757e-12 0 0)
(-6.98357e-14 0 0)
(1.33227e-17 0 0)
(-1.33227e-17 0 0)
(-1.24345e-17 0 0)
(-1.77636e-18 0 0)
(0 0 0)
(1.77636e-18 0 0)
(-1.77636e-18 0 0)
(0 0 0)
(1.77636e-18 0 0)
(-1.77636e-18 0 0)
(0 0 0)
(1.77636e-18 0 0)
(-1.77636e-18 0 0)
(0 0 0)
(1.77636e-18 0 0)
(0 0 0)
(0 0 0)
(-1.77636e-18 0 0)
(0 0 0)
(1.77636e-18 0 0)
(0 0 0)
(0 0 0)
(0 0 0)
(-1.77636e-18 0 0)
(-1.77636e-18 0 0)
(0 0 0)
(0 0 0)
(0 0 0)
(0 0 0)
(0 0 0)
(1.77636e-18 0 0)
(1.77636e-18 0 0)
(0 0 0)
(0 0 0)
(0 0 0)
(-1.77636e-18 0 0)
(0 0 0)
(1.77636e-18 0 0)
(0 0 0)
(0 0 0)
(0 0 0)
(0 0 0)
(0 0 0)
(0 0 0)
(0 0 0)
(-1.77636e-18 0 0)
(-1.77636e-18 0 0)
(1.77636e-18 0 0)
(0 0 0)
(0 0 0)
(0 0 0)
(0 0 0)
(0 0 0)
(0 0 0)
(0 0 0)
(0 0 0)
(0 0 0)
(-1.77636e-18 0 0)
(0 0 0)
(1.77636e-18 0 0)
(1.77636e-18 0 0)
(0 0 0)
(-1.77636e-18 0 0)
(0 0 0)
(1.77636e-18 0 0)
(0 0 0)
(-1.77636e-18 0 0)
(0 0 0)
(1.77636e-18 0 0)
(0 0 0)
(-1.77636e-18 0 0)
(-1.77636e-18 0 0)
(1.77636e-18 0 0)
(0 0 0)
(0 0 0)
(0 0 0)
(0 0 0)
(0 0 0)
(0 0 0)
(0 0 0)
(0 0 0)
(0 0 0)
(-1.77636e-18 0 0)
(0 0 0)
(1.77636e-18 0 0)
(1.77636e-18 0 0)
(0 0 0)
(-1.77636e-18 0 0)
(-1.77636e-18 0 0)
(0 0 0)
(0 0 0)
(-4.15266e-05 0 0)
(5.66934e-05 0 0)
(-1.29409e-05 0 0)
(-2.01449e-06 0 0)
(-1.96295e-07 0 0)
(-1.42548e-08 0 0)
(-8.199e-10 0 0)
(-3.89455e-11 0 0)
(-1.59757e-12 0 0)
(-6.98357e-14 0 0)
(1.33227e-17 0 0)
(-1.33227e-17 0 0)
(-1.24345e-17 0 0)
(-1.77636e-18 0 0)
(0 0 0)
(1.77636e-18 0 0)
(-1.77636e-18 0 0)
(0 0 0)
(1.77636e-18 0 0)
(-1.77636e-18 0 0)
(0 0 0)
(1.77636e-18 0 0)
(-1.77636e-18 0 0)
(0 0 0)
(1.77636e-18 0 0)
(0 0 0)
(0 0 0)
(-1.77636e-18 0 0)
(0 0 0)
(1.77636e-18 0 0)
(0 0 0)
(0 0 0)
(0 0 0)
(-1.77636e-18 0 0)
(-1.77636e-18 0 0)
(0 0 0)
(0 0 0)
(0 0 0)
(0 0 0)
(0 0 0)
(1.77636e-18 0 0)
(1.77636e-18 0 0)
(0 0 0)
(0 0 0)
(0 0 0)
(-1.77636e-18 0 0)
(0 0 0)
(1.77636e-18 0 0)
(0 0 0)
(0 0 0)
(0 0 0)
(0 0 0)
(0 0 0)
(0 0 0)
(0 0 0)
(-1.77636e-18 0 0)
(-1.77636e-18 0 0)
(1.77636e-18 0 0)
(0 0 0)
(0 0 0)
(0 0 0)
(0 0 0)
(0 0 0)
(0 0 0)
(0 0 0)
(0 0 0)
(0 0 0)
(-1.77636e-18 0 0)
(0 0 0)
(1.77636e-18 0 0)
(1.77636e-18 0 0)
(0 0 0)
(-1.77636e-18 0 0)
(0 0 0)
(1.77636e-18 0 0)
(0 0 0)
(-1.77636e-18 0 0)
(0 0 0)
(1.77636e-18 0 0)
(0 0 0)
(-1.77636e-18 0 0)
(-1.77636e-18 0 0)
(1.77636e-18 0 0)
(0 0 0)
(0 0 0)
(0 0 0)
(0 0 0)
(0 0 0)
(0 0 0)
(0 0 0)
(0 0 0)
(0 0 0)
(-1.77636e-18 0 0)
(0 0 0)
(1.77636e-18 0 0)
(1.77636e-18 0 0)
(0 0 0)
(-1.77636e-18 0 0)
(-1.77636e-18 0 0)
(0 0 0)
)
;
    }
    frontAndBack
    {
        type            empty;
    }
}


// ************************************************************************* //
