/*--------------------------------*- C++ -*----------------------------------*\
| =========                 |                                                 |
| \\      /  F ield         | OpenFOAM: The Open Source CFD Toolbox           |
|  \\    /   O peration     | Version:  2312                                  |
|   \\  /    A nd           | Website:  www.openfoam.com                      |
|    \\/     M anipulation  |                                                 |
\*---------------------------------------------------------------------------*/
FoamFile
{
    version     2.0;
    format      ascii;
    arch        "LSB;label=32;scalar=64";
    class       volScalarField;
    location    "1.6";
    object      gradTx;
}
// * * * * * * * * * * * * * * * * * * * * * * * * * * * * * * * * * * * * * //

dimensions      [0 -1 0 1 0 0 0];

internalField   nonuniform List<scalar> 
100
(
91.7861
-3.33368
-0.265025
-0.0185912
-0.00095153
-3.52005e-05
-1.00756e-06
-2.36468e-08
-4.15401e-10
2.66454e-13
3.33067e-13
-3.33067e-13
-3.10862e-13
-4.44089e-14
0
4.44089e-14
-4.44089e-14
0
4.44089e-14
-4.44089e-14
0
4.44089e-14
-4.44089e-14
0
4.44089e-14
0
0
-4.44089e-14
0
4.44089e-14
0
0
0
-4.44089e-14
-4.44089e-14
0
0
0
0
0
4.44089e-14
4.44089e-14
0
0
0
-4.44089e-14
0
4.44089e-14
0
0
0
0
0
0
0
-4.44089e-14
-4.44089e-14
4.44089e-14
0
0
0
0
0
0
0
0
0
-4.44089e-14
0
4.44089e-14
4.44089e-14
0
-4.44089e-14
0
4.44089e-14
0
-4.44089e-14
0
4.44089e-14
0
-4.44089e-14
-4.44089e-14
4.44089e-14
0
0
0
0
0
0
0
0
0
-4.44089e-14
0
4.44089e-14
4.44089e-14
0
-4.44089e-14
-4.44089e-14
0
)
;

boundaryField
{
    movingWall
    {
        type            calculated;
        value           uniform 189.745;
    }
    fixedWalls
    {
        type            calculated;
        value           nonuniform List<scalar> 
201
(
91.7861
-3.33368
-0.265025
-0.0185912
-0.00095153
-3.52005e-05
-1.00756e-06
-2.36468e-08
-4.15401e-10
2.66454e-13
3.33067e-13
-3.33067e-13
-3.10862e-13
-4.44089e-14
0
4.44089e-14
-4.44089e-14
0
4.44089e-14
-4.44089e-14
0
4.44089e-14
-4.44089e-14
0
4.44089e-14
0
0
-4.44089e-14
0
4.44089e-14
0
0
0
-4.44089e-14
-4.44089e-14
0
0
0
0
0
4.44089e-14
4.44089e-14
0
0
0
-4.44089e-14
0
4.44089e-14
0
0
0
0
0
0
0
-4.44089e-14
-4.44089e-14
4.44089e-14
0
0
0
0
0
0
0
0
0
-4.44089e-14
0
4.44089e-14
4.44089e-14
0
-4.44089e-14
0
4.44089e-14
0
-4.44089e-14
0
4.44089e-14
0
-4.44089e-14
-4.44089e-14
4.44089e-14
0
0
0
0
0
0
0
0
0
-4.44089e-14
0
4.44089e-14
4.44089e-14
0
-4.44089e-14
-4.44089e-14
0
0
91.7861
-3.33368
-0.265025
-0.0185912
-0.00095153
-3.52005e-05
-1.00756e-06
-2.36468e-08
-4.15401e-10
2.66454e-13
3.33067e-13
-3.33067e-13
-3.10862e-13
-4.44089e-14
0
4.44089e-14
-4.44089e-14
0
4.44089e-14
-4.44089e-14
0
4.44089e-14
-4.44089e-14
0
4.44089e-14
0
0
-4.44089e-14
0
4.44089e-14
0
0
0
-4.44089e-14
-4.44089e-14
0
0
0
0
0
4.44089e-14
4.44089e-14
0
0
0
-4.44089e-14
0
4.44089e-14
0
0
0
0
0
0
0
-4.44089e-14
-4.44089e-14
4.44089e-14
0
0
0
0
0
0
0
0
0
-4.44089e-14
0
4.44089e-14
4.44089e-14
0
-4.44089e-14
0
4.44089e-14
0
-4.44089e-14
0
4.44089e-14
0
-4.44089e-14
-4.44089e-14
4.44089e-14
0
0
0
0
0
0
0
0
0
-4.44089e-14
0
4.44089e-14
4.44089e-14
0
-4.44089e-14
-4.44089e-14
0
)
;
    }
    frontAndBack
    {
        type            empty;
    }
}


// ************************************************************************* //
