/*--------------------------------*- C++ -*----------------------------------*\
| =========                 |                                                 |
| \\      /  F ield         | OpenFOAM: The Open Source CFD Toolbox           |
|  \\    /   O peration     | Version:  2312                                  |
|   \\  /    A nd           | Website:  www.openfoam.com                      |
|    \\/     M anipulation  |                                                 |
\*---------------------------------------------------------------------------*/
FoamFile
{
    version     2.0;
    format      ascii;
    arch        "LSB;label=32;scalar=64";
    class       volVectorField;
    location    "1.9";
    object      flux;
}
// * * * * * * * * * * * * * * * * * * * * * * * * * * * * * * * * * * * * * //

dimensions      [0 1 -1 1 0 0 0];

internalField   nonuniform List<vector> 
100
(
(0.00351341 0 0)
(2.59121e-05 0 0)
(-1.1512e-05 0 0)
(-1.03628e-06 0 0)
(-6.18369e-08 0 0)
(-2.76769e-09 0 0)
(-9.74633e-11 0 0)
(-2.81896e-12 0 0)
(-7.21734e-14 0 0)
(1.06581e-17 0 0)
(1.33227e-17 0 0)
(-1.33227e-17 0 0)
(-1.24345e-17 0 0)
(-1.77636e-18 0 0)
(0 0 0)
(1.77636e-18 0 0)
(-1.77636e-18 0 0)
(0 0 0)
(1.77636e-18 0 0)
(-1.77636e-18 0 0)
(0 0 0)
(1.77636e-18 0 0)
(-1.77636e-18 0 0)
(0 0 0)
(1.77636e-18 0 0)
(0 0 0)
(0 0 0)
(-1.77636e-18 0 0)
(0 0 0)
(1.77636e-18 0 0)
(0 0 0)
(0 0 0)
(0 0 0)
(-1.77636e-18 0 0)
(-1.77636e-18 0 0)
(0 0 0)
(0 0 0)
(0 0 0)
(0 0 0)
(0 0 0)
(1.77636e-18 0 0)
(1.77636e-18 0 0)
(0 0 0)
(0 0 0)
(0 0 0)
(-1.77636e-18 0 0)
(0 0 0)
(1.77636e-18 0 0)
(0 0 0)
(0 0 0)
(0 0 0)
(0 0 0)
(0 0 0)
(0 0 0)
(0 0 0)
(-1.77636e-18 0 0)
(-1.77636e-18 0 0)
(1.77636e-18 0 0)
(0 0 0)
(0 0 0)
(0 0 0)
(0 0 0)
(0 0 0)
(0 0 0)
(0 0 0)
(0 0 0)
(0 0 0)
(-1.77636e-18 0 0)
(0 0 0)
(1.77636e-18 0 0)
(1.77636e-18 0 0)
(0 0 0)
(-1.77636e-18 0 0)
(0 0 0)
(1.77636e-18 0 0)
(0 0 0)
(-1.77636e-18 0 0)
(0 0 0)
(1.77636e-18 0 0)
(0 0 0)
(-1.77636e-18 0 0)
(-1.77636e-18 0 0)
(1.77636e-18 0 0)
(0 0 0)
(0 0 0)
(0 0 0)
(0 0 0)
(0 0 0)
(0 0 0)
(0 0 0)
(0 0 0)
(0 0 0)
(-1.77636e-18 0 0)
(0 0 0)
(1.77636e-18 0 0)
(1.77636e-18 0 0)
(0 0 0)
(-1.77636e-18 0 0)
(-1.77636e-18 0 0)
(0 0 0)
)
;

boundaryField
{
    movingWall
    {
        type            calculated;
        value           uniform (0.00695393 0 0);
    }
    fixedWalls
    {
        type            calculated;
        value           nonuniform List<vector> 
201
(
(0.00351341 0 0)
(2.59121e-05 0 0)
(-1.1512e-05 0 0)
(-1.03628e-06 0 0)
(-6.18369e-08 0 0)
(-2.76769e-09 0 0)
(-9.74633e-11 0 0)
(-2.81896e-12 0 0)
(-7.21734e-14 0 0)
(1.06581e-17 0 0)
(1.33227e-17 0 0)
(-1.33227e-17 0 0)
(-1.24345e-17 0 0)
(-1.77636e-18 0 0)
(0 0 0)
(1.77636e-18 0 0)
(-1.77636e-18 0 0)
(0 0 0)
(1.77636e-18 0 0)
(-1.77636e-18 0 0)
(0 0 0)
(1.77636e-18 0 0)
(-1.77636e-18 0 0)
(0 0 0)
(1.77636e-18 0 0)
(0 0 0)
(0 0 0)
(-1.77636e-18 0 0)
(0 0 0)
(1.77636e-18 0 0)
(0 0 0)
(0 0 0)
(0 0 0)
(-1.77636e-18 0 0)
(-1.77636e-18 0 0)
(0 0 0)
(0 0 0)
(0 0 0)
(0 0 0)
(0 0 0)
(1.77636e-18 0 0)
(1.77636e-18 0 0)
(0 0 0)
(0 0 0)
(0 0 0)
(-1.77636e-18 0 0)
(0 0 0)
(1.77636e-18 0 0)
(0 0 0)
(0 0 0)
(0 0 0)
(0 0 0)
(0 0 0)
(0 0 0)
(0 0 0)
(-1.77636e-18 0 0)
(-1.77636e-18 0 0)
(1.77636e-18 0 0)
(0 0 0)
(0 0 0)
(0 0 0)
(0 0 0)
(0 0 0)
(0 0 0)
(0 0 0)
(0 0 0)
(0 0 0)
(-1.77636e-18 0 0)
(0 0 0)
(1.77636e-18 0 0)
(1.77636e-18 0 0)
(0 0 0)
(-1.77636e-18 0 0)
(0 0 0)
(1.77636e-18 0 0)
(0 0 0)
(-1.77636e-18 0 0)
(0 0 0)
(1.77636e-18 0 0)
(0 0 0)
(-1.77636e-18 0 0)
(-1.77636e-18 0 0)
(1.77636e-18 0 0)
(0 0 0)
(0 0 0)
(0 0 0)
(0 0 0)
(0 0 0)
(0 0 0)
(0 0 0)
(0 0 0)
(0 0 0)
(-1.77636e-18 0 0)
(0 0 0)
(1.77636e-18 0 0)
(1.77636e-18 0 0)
(0 0 0)
(-1.77636e-18 0 0)
(-1.77636e-18 0 0)
(0 0 0)
(0 0 0)
(0.00351341 0 0)
(2.59121e-05 0 0)
(-1.1512e-05 0 0)
(-1.03628e-06 0 0)
(-6.18369e-08 0 0)
(-2.76769e-09 0 0)
(-9.74633e-11 0 0)
(-2.81896e-12 0 0)
(-7.21734e-14 0 0)
(1.06581e-17 0 0)
(1.33227e-17 0 0)
(-1.33227e-17 0 0)
(-1.24345e-17 0 0)
(-1.77636e-18 0 0)
(0 0 0)
(1.77636e-18 0 0)
(-1.77636e-18 0 0)
(0 0 0)
(1.77636e-18 0 0)
(-1.77636e-18 0 0)
(0 0 0)
(1.77636e-18 0 0)
(-1.77636e-18 0 0)
(0 0 0)
(1.77636e-18 0 0)
(0 0 0)
(0 0 0)
(-1.77636e-18 0 0)
(0 0 0)
(1.77636e-18 0 0)
(0 0 0)
(0 0 0)
(0 0 0)
(-1.77636e-18 0 0)
(-1.77636e-18 0 0)
(0 0 0)
(0 0 0)
(0 0 0)
(0 0 0)
(0 0 0)
(1.77636e-18 0 0)
(1.77636e-18 0 0)
(0 0 0)
(0 0 0)
(0 0 0)
(-1.77636e-18 0 0)
(0 0 0)
(1.77636e-18 0 0)
(0 0 0)
(0 0 0)
(0 0 0)
(0 0 0)
(0 0 0)
(0 0 0)
(0 0 0)
(-1.77636e-18 0 0)
(-1.77636e-18 0 0)
(1.77636e-18 0 0)
(0 0 0)
(0 0 0)
(0 0 0)
(0 0 0)
(0 0 0)
(0 0 0)
(0 0 0)
(0 0 0)
(0 0 0)
(-1.77636e-18 0 0)
(0 0 0)
(1.77636e-18 0 0)
(1.77636e-18 0 0)
(0 0 0)
(-1.77636e-18 0 0)
(0 0 0)
(1.77636e-18 0 0)
(0 0 0)
(-1.77636e-18 0 0)
(0 0 0)
(1.77636e-18 0 0)
(0 0 0)
(-1.77636e-18 0 0)
(-1.77636e-18 0 0)
(1.77636e-18 0 0)
(0 0 0)
(0 0 0)
(0 0 0)
(0 0 0)
(0 0 0)
(0 0 0)
(0 0 0)
(0 0 0)
(0 0 0)
(-1.77636e-18 0 0)
(0 0 0)
(1.77636e-18 0 0)
(1.77636e-18 0 0)
(0 0 0)
(-1.77636e-18 0 0)
(-1.77636e-18 0 0)
(0 0 0)
)
;
    }
    frontAndBack
    {
        type            empty;
    }
}


// ************************************************************************* //
