/*--------------------------------*- C++ -*----------------------------------*\
| =========                 |                                                 |
| \\      /  F ield         | OpenFOAM: The Open Source CFD Toolbox           |
|  \\    /   O peration     | Version:  2312                                  |
|   \\  /    A nd           | Website:  www.openfoam.com                      |
|    \\/     M anipulation  |                                                 |
\*---------------------------------------------------------------------------*/
FoamFile
{
    version     2.0;
    format      ascii;
    arch        "LSB;label=32;scalar=64";
    class       volScalarField;
    location    "2.1";
    object      gradTx;
}
// * * * * * * * * * * * * * * * * * * * * * * * * * * * * * * * * * * * * * //

dimensions      [0 -1 0 1 0 0 0];

internalField   nonuniform List<scalar> 
100
(
-88.4686
0.592885
-0.259773
-0.0301813
-0.00202624
-0.000100695
-3.959e-06
-1.28263e-07
-3.65892e-09
2.66454e-13
3.33067e-13
-3.33067e-13
-3.10862e-13
-4.44089e-14
0
4.44089e-14
-4.44089e-14
0
4.44089e-14
-4.44089e-14
0
4.44089e-14
-4.44089e-14
0
4.44089e-14
0
0
-4.44089e-14
0
4.44089e-14
0
0
0
-4.44089e-14
-4.44089e-14
0
0
0
0
0
4.44089e-14
4.44089e-14
0
0
0
-4.44089e-14
0
4.44089e-14
0
0
0
0
0
0
0
-4.44089e-14
-4.44089e-14
4.44089e-14
0
0
0
0
0
0
0
0
0
-4.44089e-14
0
4.44089e-14
4.44089e-14
0
-4.44089e-14
0
4.44089e-14
0
-4.44089e-14
0
4.44089e-14
0
-4.44089e-14
-4.44089e-14
4.44089e-14
0
0
0
0
0
0
0
0
0
-4.44089e-14
0
4.44089e-14
4.44089e-14
0
-4.44089e-14
-4.44089e-14
0
)
;

boundaryField
{
    movingWall
    {
        type            calculated;
        value           uniform -178.586;
    }
    fixedWalls
    {
        type            calculated;
        value           nonuniform List<scalar> 
201
(
-88.4686
0.592885
-0.259773
-0.0301813
-0.00202624
-0.000100695
-3.959e-06
-1.28263e-07
-3.65892e-09
2.66454e-13
3.33067e-13
-3.33067e-13
-3.10862e-13
-4.44089e-14
0
4.44089e-14
-4.44089e-14
0
4.44089e-14
-4.44089e-14
0
4.44089e-14
-4.44089e-14
0
4.44089e-14
0
0
-4.44089e-14
0
4.44089e-14
0
0
0
-4.44089e-14
-4.44089e-14
0
0
0
0
0
4.44089e-14
4.44089e-14
0
0
0
-4.44089e-14
0
4.44089e-14
0
0
0
0
0
0
0
-4.44089e-14
-4.44089e-14
4.44089e-14
0
0
0
0
0
0
0
0
0
-4.44089e-14
0
4.44089e-14
4.44089e-14
0
-4.44089e-14
0
4.44089e-14
0
-4.44089e-14
0
4.44089e-14
0
-4.44089e-14
-4.44089e-14
4.44089e-14
0
0
0
0
0
0
0
0
0
-4.44089e-14
0
4.44089e-14
4.44089e-14
0
-4.44089e-14
-4.44089e-14
0
0
-88.4686
0.592885
-0.259773
-0.0301813
-0.00202624
-0.000100695
-3.959e-06
-1.28263e-07
-3.65892e-09
2.66454e-13
3.33067e-13
-3.33067e-13
-3.10862e-13
-4.44089e-14
0
4.44089e-14
-4.44089e-14
0
4.44089e-14
-4.44089e-14
0
4.44089e-14
-4.44089e-14
0
4.44089e-14
0
0
-4.44089e-14
0
4.44089e-14
0
0
0
-4.44089e-14
-4.44089e-14
0
0
0
0
0
4.44089e-14
4.44089e-14
0
0
0
-4.44089e-14
0
4.44089e-14
0
0
0
0
0
0
0
-4.44089e-14
-4.44089e-14
4.44089e-14
0
0
0
0
0
0
0
0
0
-4.44089e-14
0
4.44089e-14
4.44089e-14
0
-4.44089e-14
0
4.44089e-14
0
-4.44089e-14
0
4.44089e-14
0
-4.44089e-14
-4.44089e-14
4.44089e-14
0
0
0
0
0
0
0
0
0
-4.44089e-14
0
4.44089e-14
4.44089e-14
0
-4.44089e-14
-4.44089e-14
0
)
;
    }
    frontAndBack
    {
        type            empty;
    }
}


// ************************************************************************* //
