/*--------------------------------*- C++ -*----------------------------------*\
| =========                 |                                                 |
| \\      /  F ield         | OpenFOAM: The Open Source CFD Toolbox           |
|  \\    /   O peration     | Version:  2312                                  |
|   \\  /    A nd           | Website:  www.openfoam.com                      |
|    \\/     M anipulation  |                                                 |
\*---------------------------------------------------------------------------*/
FoamFile
{
    version     2.0;
    format      ascii;
    arch        "LSB;label=32;scalar=64";
    class       volScalarField;
    location    "1.8";
    object      gradTx;
}
// * * * * * * * * * * * * * * * * * * * * * * * * * * * * * * * * * * * * * //

dimensions      [0 -1 0 1 0 0 0];

internalField   nonuniform List<scalar> 
100
(
143.521
-0.54306
-0.294407
-0.0234657
-0.00132703
-5.60723e-05
-1.85394e-06
-5.02712e-08
-1.20324e-09
2.66454e-13
3.33067e-13
-3.33067e-13
-3.10862e-13
-4.44089e-14
0
4.44089e-14
-4.44089e-14
0
4.44089e-14
-4.44089e-14
0
4.44089e-14
-4.44089e-14
0
4.44089e-14
0
0
-4.44089e-14
0
4.44089e-14
0
0
0
-4.44089e-14
-4.44089e-14
0
0
0
0
0
4.44089e-14
4.44089e-14
0
0
0
-4.44089e-14
0
4.44089e-14
0
0
0
0
0
0
0
-4.44089e-14
-4.44089e-14
4.44089e-14
0
0
0
0
0
0
0
0
0
-4.44089e-14
0
4.44089e-14
4.44089e-14
0
-4.44089e-14
0
4.44089e-14
0
-4.44089e-14
0
4.44089e-14
0
-4.44089e-14
-4.44089e-14
4.44089e-14
0
0
0
0
0
0
0
0
0
-4.44089e-14
0
4.44089e-14
4.44089e-14
0
-4.44089e-14
-4.44089e-14
0
)
;

boundaryField
{
    movingWall
    {
        type            calculated;
        value           uniform 287.583;
    }
    fixedWalls
    {
        type            calculated;
        value           nonuniform List<scalar> 
201
(
143.521
-0.54306
-0.294407
-0.0234657
-0.00132703
-5.60723e-05
-1.85394e-06
-5.02712e-08
-1.20324e-09
2.66454e-13
3.33067e-13
-3.33067e-13
-3.10862e-13
-4.44089e-14
0
4.44089e-14
-4.44089e-14
0
4.44089e-14
-4.44089e-14
0
4.44089e-14
-4.44089e-14
0
4.44089e-14
0
0
-4.44089e-14
0
4.44089e-14
0
0
0
-4.44089e-14
-4.44089e-14
0
0
0
0
0
4.44089e-14
4.44089e-14
0
0
0
-4.44089e-14
0
4.44089e-14
0
0
0
0
0
0
0
-4.44089e-14
-4.44089e-14
4.44089e-14
0
0
0
0
0
0
0
0
0
-4.44089e-14
0
4.44089e-14
4.44089e-14
0
-4.44089e-14
0
4.44089e-14
0
-4.44089e-14
0
4.44089e-14
0
-4.44089e-14
-4.44089e-14
4.44089e-14
0
0
0
0
0
0
0
0
0
-4.44089e-14
0
4.44089e-14
4.44089e-14
0
-4.44089e-14
-4.44089e-14
0
0
143.521
-0.54306
-0.294407
-0.0234657
-0.00132703
-5.60723e-05
-1.85394e-06
-5.02712e-08
-1.20324e-09
2.66454e-13
3.33067e-13
-3.33067e-13
-3.10862e-13
-4.44089e-14
0
4.44089e-14
-4.44089e-14
0
4.44089e-14
-4.44089e-14
0
4.44089e-14
-4.44089e-14
0
4.44089e-14
0
0
-4.44089e-14
0
4.44089e-14
0
0
0
-4.44089e-14
-4.44089e-14
0
0
0
0
0
4.44089e-14
4.44089e-14
0
0
0
-4.44089e-14
0
4.44089e-14
0
0
0
0
0
0
0
-4.44089e-14
-4.44089e-14
4.44089e-14
0
0
0
0
0
0
0
0
0
-4.44089e-14
0
4.44089e-14
4.44089e-14
0
-4.44089e-14
0
4.44089e-14
0
-4.44089e-14
0
4.44089e-14
0
-4.44089e-14
-4.44089e-14
4.44089e-14
0
0
0
0
0
0
0
0
0
-4.44089e-14
0
4.44089e-14
4.44089e-14
0
-4.44089e-14
-4.44089e-14
0
)
;
    }
    frontAndBack
    {
        type            empty;
    }
}


// ************************************************************************* //
