/*--------------------------------*- C++ -*----------------------------------*\
| =========                 |                                                 |
| \\      /  F ield         | OpenFOAM: The Open Source CFD Toolbox           |
|  \\    /   O peration     | Version:  2312                                  |
|   \\  /    A nd           | Website:  www.openfoam.com                      |
|    \\/     M anipulation  |                                                 |
\*---------------------------------------------------------------------------*/
FoamFile
{
    version     2.0;
    format      ascii;
    arch        "LSB;label=32;scalar=64";
    class       volScalarField;
    location    "1.4";
    object      gradTx;
}
// * * * * * * * * * * * * * * * * * * * * * * * * * * * * * * * * * * * * * //

dimensions      [0 -1 0 1 0 0 0];

internalField   nonuniform List<scalar> 
100
(
-84.3851
-3.55841
-0.208485
-0.0150479
-0.000689274
-2.20339e-05
-5.43762e-07
-1.10457e-08
-5.57776e-11
2.66454e-13
3.33067e-13
-3.33067e-13
-3.10862e-13
-4.44089e-14
0
4.44089e-14
-4.44089e-14
0
4.44089e-14
-4.44089e-14
0
4.44089e-14
-4.44089e-14
0
4.44089e-14
0
0
-4.44089e-14
0
4.44089e-14
0
0
0
-4.44089e-14
-4.44089e-14
0
0
0
0
0
4.44089e-14
4.44089e-14
0
0
0
-4.44089e-14
0
4.44089e-14
0
0
0
0
0
0
0
-4.44089e-14
-4.44089e-14
4.44089e-14
0
0
0
0
0
0
0
0
0
-4.44089e-14
0
4.44089e-14
4.44089e-14
0
-4.44089e-14
0
4.44089e-14
0
-4.44089e-14
0
4.44089e-14
0
-4.44089e-14
-4.44089e-14
4.44089e-14
0
0
0
0
0
0
0
0
0
-4.44089e-14
0
4.44089e-14
4.44089e-14
0
-4.44089e-14
-4.44089e-14
0
)
;

boundaryField
{
    movingWall
    {
        type            calculated;
        value           uniform -162.042;
    }
    fixedWalls
    {
        type            calculated;
        value           nonuniform List<scalar> 
201
(
-84.3851
-3.55841
-0.208485
-0.0150479
-0.000689274
-2.20339e-05
-5.43762e-07
-1.10457e-08
-5.57776e-11
2.66454e-13
3.33067e-13
-3.33067e-13
-3.10862e-13
-4.44089e-14
0
4.44089e-14
-4.44089e-14
0
4.44089e-14
-4.44089e-14
0
4.44089e-14
-4.44089e-14
0
4.44089e-14
0
0
-4.44089e-14
0
4.44089e-14
0
0
0
-4.44089e-14
-4.44089e-14
0
0
0
0
0
4.44089e-14
4.44089e-14
0
0
0
-4.44089e-14
0
4.44089e-14
0
0
0
0
0
0
0
-4.44089e-14
-4.44089e-14
4.44089e-14
0
0
0
0
0
0
0
0
0
-4.44089e-14
0
4.44089e-14
4.44089e-14
0
-4.44089e-14
0
4.44089e-14
0
-4.44089e-14
0
4.44089e-14
0
-4.44089e-14
-4.44089e-14
4.44089e-14
0
0
0
0
0
0
0
0
0
-4.44089e-14
0
4.44089e-14
4.44089e-14
0
-4.44089e-14
-4.44089e-14
0
0
-84.3851
-3.55841
-0.208485
-0.0150479
-0.000689274
-2.20339e-05
-5.43762e-07
-1.10457e-08
-5.57776e-11
2.66454e-13
3.33067e-13
-3.33067e-13
-3.10862e-13
-4.44089e-14
0
4.44089e-14
-4.44089e-14
0
4.44089e-14
-4.44089e-14
0
4.44089e-14
-4.44089e-14
0
4.44089e-14
0
0
-4.44089e-14
0
4.44089e-14
0
0
0
-4.44089e-14
-4.44089e-14
0
0
0
0
0
4.44089e-14
4.44089e-14
0
0
0
-4.44089e-14
0
4.44089e-14
0
0
0
0
0
0
0
-4.44089e-14
-4.44089e-14
4.44089e-14
0
0
0
0
0
0
0
0
0
-4.44089e-14
0
4.44089e-14
4.44089e-14
0
-4.44089e-14
0
4.44089e-14
0
-4.44089e-14
0
4.44089e-14
0
-4.44089e-14
-4.44089e-14
4.44089e-14
0
0
0
0
0
0
0
0
0
-4.44089e-14
0
4.44089e-14
4.44089e-14
0
-4.44089e-14
-4.44089e-14
0
)
;
    }
    frontAndBack
    {
        type            empty;
    }
}


// ************************************************************************* //
