/*--------------------------------*- C++ -*----------------------------------*\
| =========                 |                                                 |
| \\      /  F ield         | OpenFOAM: The Open Source CFD Toolbox           |
|  \\    /   O peration     | Version:  2312                                  |
|   \\  /    A nd           | Website:  www.openfoam.com                      |
|    \\/     M anipulation  |                                                 |
\*---------------------------------------------------------------------------*/
FoamFile
{
    version     2.0;
    format      ascii;
    arch        "LSB;label=32;scalar=64";
    class       volVectorField;
    location    "0.7";
    object      flux;
}
// * * * * * * * * * * * * * * * * * * * * * * * * * * * * * * * * * * * * * //

dimensions      [0 1 -1 1 0 0 0];

internalField   nonuniform List<vector> 
100
(
(0.00581557 0 0)
(-0.000102347 0 0)
(-6.71745e-06 0 0)
(-1.5945e-07 0 0)
(-2.54719e-09 0 0)
(-3.15905e-11 0 0)
(-3.36118e-13 0 0)
(1.77636e-18 0 0)
(1.77636e-18 0 0)
(1.06581e-17 0 0)
(1.33227e-17 0 0)
(-1.33227e-17 0 0)
(-1.24345e-17 0 0)
(-1.77636e-18 0 0)
(0 0 0)
(1.77636e-18 0 0)
(-1.77636e-18 0 0)
(0 0 0)
(1.77636e-18 0 0)
(-1.77636e-18 0 0)
(0 0 0)
(1.77636e-18 0 0)
(-1.77636e-18 0 0)
(0 0 0)
(1.77636e-18 0 0)
(0 0 0)
(0 0 0)
(-1.77636e-18 0 0)
(0 0 0)
(1.77636e-18 0 0)
(0 0 0)
(0 0 0)
(0 0 0)
(-1.77636e-18 0 0)
(-1.77636e-18 0 0)
(0 0 0)
(0 0 0)
(0 0 0)
(0 0 0)
(0 0 0)
(1.77636e-18 0 0)
(1.77636e-18 0 0)
(0 0 0)
(0 0 0)
(0 0 0)
(-1.77636e-18 0 0)
(0 0 0)
(1.77636e-18 0 0)
(0 0 0)
(0 0 0)
(0 0 0)
(0 0 0)
(0 0 0)
(0 0 0)
(0 0 0)
(-1.77636e-18 0 0)
(-1.77636e-18 0 0)
(1.77636e-18 0 0)
(0 0 0)
(0 0 0)
(0 0 0)
(0 0 0)
(0 0 0)
(0 0 0)
(0 0 0)
(0 0 0)
(0 0 0)
(-1.77636e-18 0 0)
(0 0 0)
(1.77636e-18 0 0)
(1.77636e-18 0 0)
(0 0 0)
(-1.77636e-18 0 0)
(0 0 0)
(1.77636e-18 0 0)
(0 0 0)
(-1.77636e-18 0 0)
(0 0 0)
(1.77636e-18 0 0)
(0 0 0)
(-1.77636e-18 0 0)
(-1.77636e-18 0 0)
(1.77636e-18 0 0)
(0 0 0)
(0 0 0)
(0 0 0)
(0 0 0)
(0 0 0)
(0 0 0)
(0 0 0)
(0 0 0)
(0 0 0)
(-1.77636e-18 0 0)
(0 0 0)
(1.77636e-18 0 0)
(1.77636e-18 0 0)
(0 0 0)
(-1.77636e-18 0 0)
(-1.77636e-18 0 0)
(0 0 0)
)
;

boundaryField
{
    movingWall
    {
        type            calculated;
        value           uniform (0.0118227 0 0);
    }
    fixedWalls
    {
        type            calculated;
        value           nonuniform List<vector> 
201
(
(0.00581557 0 0)
(-0.000102347 0 0)
(-6.71745e-06 0 0)
(-1.5945e-07 0 0)
(-2.54719e-09 0 0)
(-3.15905e-11 0 0)
(-3.36118e-13 0 0)
(1.77636e-18 0 0)
(1.77636e-18 0 0)
(1.06581e-17 0 0)
(1.33227e-17 0 0)
(-1.33227e-17 0 0)
(-1.24345e-17 0 0)
(-1.77636e-18 0 0)
(0 0 0)
(1.77636e-18 0 0)
(-1.77636e-18 0 0)
(0 0 0)
(1.77636e-18 0 0)
(-1.77636e-18 0 0)
(0 0 0)
(1.77636e-18 0 0)
(-1.77636e-18 0 0)
(0 0 0)
(1.77636e-18 0 0)
(0 0 0)
(0 0 0)
(-1.77636e-18 0 0)
(0 0 0)
(1.77636e-18 0 0)
(0 0 0)
(0 0 0)
(0 0 0)
(-1.77636e-18 0 0)
(-1.77636e-18 0 0)
(0 0 0)
(0 0 0)
(0 0 0)
(0 0 0)
(0 0 0)
(1.77636e-18 0 0)
(1.77636e-18 0 0)
(0 0 0)
(0 0 0)
(0 0 0)
(-1.77636e-18 0 0)
(0 0 0)
(1.77636e-18 0 0)
(0 0 0)
(0 0 0)
(0 0 0)
(0 0 0)
(0 0 0)
(0 0 0)
(0 0 0)
(-1.77636e-18 0 0)
(-1.77636e-18 0 0)
(1.77636e-18 0 0)
(0 0 0)
(0 0 0)
(0 0 0)
(0 0 0)
(0 0 0)
(0 0 0)
(0 0 0)
(0 0 0)
(0 0 0)
(-1.77636e-18 0 0)
(0 0 0)
(1.77636e-18 0 0)
(1.77636e-18 0 0)
(0 0 0)
(-1.77636e-18 0 0)
(0 0 0)
(1.77636e-18 0 0)
(0 0 0)
(-1.77636e-18 0 0)
(0 0 0)
(1.77636e-18 0 0)
(0 0 0)
(-1.77636e-18 0 0)
(-1.77636e-18 0 0)
(1.77636e-18 0 0)
(0 0 0)
(0 0 0)
(0 0 0)
(0 0 0)
(0 0 0)
(0 0 0)
(0 0 0)
(0 0 0)
(0 0 0)
(-1.77636e-18 0 0)
(0 0 0)
(1.77636e-18 0 0)
(1.77636e-18 0 0)
(0 0 0)
(-1.77636e-18 0 0)
(-1.77636e-18 0 0)
(0 0 0)
(0 0 0)
(0.00581557 0 0)
(-0.000102347 0 0)
(-6.71745e-06 0 0)
(-1.5945e-07 0 0)
(-2.54719e-09 0 0)
(-3.15905e-11 0 0)
(-3.36118e-13 0 0)
(1.77636e-18 0 0)
(1.77636e-18 0 0)
(1.06581e-17 0 0)
(1.33227e-17 0 0)
(-1.33227e-17 0 0)
(-1.24345e-17 0 0)
(-1.77636e-18 0 0)
(0 0 0)
(1.77636e-18 0 0)
(-1.77636e-18 0 0)
(0 0 0)
(1.77636e-18 0 0)
(-1.77636e-18 0 0)
(0 0 0)
(1.77636e-18 0 0)
(-1.77636e-18 0 0)
(0 0 0)
(1.77636e-18 0 0)
(0 0 0)
(0 0 0)
(-1.77636e-18 0 0)
(0 0 0)
(1.77636e-18 0 0)
(0 0 0)
(0 0 0)
(0 0 0)
(-1.77636e-18 0 0)
(-1.77636e-18 0 0)
(0 0 0)
(0 0 0)
(0 0 0)
(0 0 0)
(0 0 0)
(1.77636e-18 0 0)
(1.77636e-18 0 0)
(0 0 0)
(0 0 0)
(0 0 0)
(-1.77636e-18 0 0)
(0 0 0)
(1.77636e-18 0 0)
(0 0 0)
(0 0 0)
(0 0 0)
(0 0 0)
(0 0 0)
(0 0 0)
(0 0 0)
(-1.77636e-18 0 0)
(-1.77636e-18 0 0)
(1.77636e-18 0 0)
(0 0 0)
(0 0 0)
(0 0 0)
(0 0 0)
(0 0 0)
(0 0 0)
(0 0 0)
(0 0 0)
(0 0 0)
(-1.77636e-18 0 0)
(0 0 0)
(1.77636e-18 0 0)
(1.77636e-18 0 0)
(0 0 0)
(-1.77636e-18 0 0)
(0 0 0)
(1.77636e-18 0 0)
(0 0 0)
(-1.77636e-18 0 0)
(0 0 0)
(1.77636e-18 0 0)
(0 0 0)
(-1.77636e-18 0 0)
(-1.77636e-18 0 0)
(1.77636e-18 0 0)
(0 0 0)
(0 0 0)
(0 0 0)
(0 0 0)
(0 0 0)
(0 0 0)
(0 0 0)
(0 0 0)
(0 0 0)
(-1.77636e-18 0 0)
(0 0 0)
(1.77636e-18 0 0)
(1.77636e-18 0 0)
(0 0 0)
(-1.77636e-18 0 0)
(-1.77636e-18 0 0)
(0 0 0)
)
;
    }
    frontAndBack
    {
        type            empty;
    }
}


// ************************************************************************* //
