/*--------------------------------*- C++ -*----------------------------------*\
| =========                 |                                                 |
| \\      /  F ield         | OpenFOAM: The Open Source CFD Toolbox           |
|  \\    /   O peration     | Version:  2312                                  |
|   \\  /    A nd           | Website:  www.openfoam.com                      |
|    \\/     M anipulation  |                                                 |
\*---------------------------------------------------------------------------*/
FoamFile
{
    version     2.0;
    format      ascii;
    arch        "LSB;label=32;scalar=64";
    class       volVectorField;
    location    "2.5";
    object      flux;
}
// * * * * * * * * * * * * * * * * * * * * * * * * * * * * * * * * * * * * * //

dimensions      [0 1 -1 1 0 0 0];

internalField   nonuniform List<vector> 
100
(
(0.000154005 0 0)
(-0.000140125 0 0)
(-1.22331e-05 0 0)
(-1.5137e-06 0 0)
(-1.24615e-07 0 0)
(-7.4581e-09 0 0)
(-3.52009e-10 0 0)
(-1.37191e-11 0 0)
(-4.66021e-13 0 0)
(-6.60805e-15 0 0)
(1.33227e-17 0 0)
(-1.33227e-17 0 0)
(-1.24345e-17 0 0)
(-1.77636e-18 0 0)
(0 0 0)
(1.77636e-18 0 0)
(-1.77636e-18 0 0)
(0 0 0)
(1.77636e-18 0 0)
(-1.77636e-18 0 0)
(0 0 0)
(1.77636e-18 0 0)
(-1.77636e-18 0 0)
(0 0 0)
(1.77636e-18 0 0)
(0 0 0)
(0 0 0)
(-1.77636e-18 0 0)
(0 0 0)
(1.77636e-18 0 0)
(0 0 0)
(0 0 0)
(0 0 0)
(-1.77636e-18 0 0)
(-1.77636e-18 0 0)
(0 0 0)
(0 0 0)
(0 0 0)
(0 0 0)
(0 0 0)
(1.77636e-18 0 0)
(1.77636e-18 0 0)
(0 0 0)
(0 0 0)
(0 0 0)
(-1.77636e-18 0 0)
(0 0 0)
(1.77636e-18 0 0)
(0 0 0)
(0 0 0)
(0 0 0)
(0 0 0)
(0 0 0)
(0 0 0)
(0 0 0)
(-1.77636e-18 0 0)
(-1.77636e-18 0 0)
(1.77636e-18 0 0)
(0 0 0)
(0 0 0)
(0 0 0)
(0 0 0)
(0 0 0)
(0 0 0)
(0 0 0)
(0 0 0)
(0 0 0)
(-1.77636e-18 0 0)
(0 0 0)
(1.77636e-18 0 0)
(1.77636e-18 0 0)
(0 0 0)
(-1.77636e-18 0 0)
(0 0 0)
(1.77636e-18 0 0)
(0 0 0)
(-1.77636e-18 0 0)
(0 0 0)
(1.77636e-18 0 0)
(0 0 0)
(-1.77636e-18 0 0)
(-1.77636e-18 0 0)
(1.77636e-18 0 0)
(0 0 0)
(0 0 0)
(0 0 0)
(0 0 0)
(0 0 0)
(0 0 0)
(0 0 0)
(0 0 0)
(0 0 0)
(-1.77636e-18 0 0)
(0 0 0)
(1.77636e-18 0 0)
(1.77636e-18 0 0)
(0 0 0)
(-1.77636e-18 0 0)
(-1.77636e-18 0 0)
(0 0 0)
)
;

boundaryField
{
    movingWall
    {
        type            calculated;
        value           uniform (0.000566586 0 0);
    }
    fixedWalls
    {
        type            calculated;
        value           nonuniform List<vector> 
201
(
(0.000154005 0 0)
(-0.000140125 0 0)
(-1.22331e-05 0 0)
(-1.5137e-06 0 0)
(-1.24615e-07 0 0)
(-7.4581e-09 0 0)
(-3.52009e-10 0 0)
(-1.37191e-11 0 0)
(-4.66021e-13 0 0)
(-6.60805e-15 0 0)
(1.33227e-17 0 0)
(-1.33227e-17 0 0)
(-1.24345e-17 0 0)
(-1.77636e-18 0 0)
(0 0 0)
(1.77636e-18 0 0)
(-1.77636e-18 0 0)
(0 0 0)
(1.77636e-18 0 0)
(-1.77636e-18 0 0)
(0 0 0)
(1.77636e-18 0 0)
(-1.77636e-18 0 0)
(0 0 0)
(1.77636e-18 0 0)
(0 0 0)
(0 0 0)
(-1.77636e-18 0 0)
(0 0 0)
(1.77636e-18 0 0)
(0 0 0)
(0 0 0)
(0 0 0)
(-1.77636e-18 0 0)
(-1.77636e-18 0 0)
(0 0 0)
(0 0 0)
(0 0 0)
(0 0 0)
(0 0 0)
(1.77636e-18 0 0)
(1.77636e-18 0 0)
(0 0 0)
(0 0 0)
(0 0 0)
(-1.77636e-18 0 0)
(0 0 0)
(1.77636e-18 0 0)
(0 0 0)
(0 0 0)
(0 0 0)
(0 0 0)
(0 0 0)
(0 0 0)
(0 0 0)
(-1.77636e-18 0 0)
(-1.77636e-18 0 0)
(1.77636e-18 0 0)
(0 0 0)
(0 0 0)
(0 0 0)
(0 0 0)
(0 0 0)
(0 0 0)
(0 0 0)
(0 0 0)
(0 0 0)
(-1.77636e-18 0 0)
(0 0 0)
(1.77636e-18 0 0)
(1.77636e-18 0 0)
(0 0 0)
(-1.77636e-18 0 0)
(0 0 0)
(1.77636e-18 0 0)
(0 0 0)
(-1.77636e-18 0 0)
(0 0 0)
(1.77636e-18 0 0)
(0 0 0)
(-1.77636e-18 0 0)
(-1.77636e-18 0 0)
(1.77636e-18 0 0)
(0 0 0)
(0 0 0)
(0 0 0)
(0 0 0)
(0 0 0)
(0 0 0)
(0 0 0)
(0 0 0)
(0 0 0)
(-1.77636e-18 0 0)
(0 0 0)
(1.77636e-18 0 0)
(1.77636e-18 0 0)
(0 0 0)
(-1.77636e-18 0 0)
(-1.77636e-18 0 0)
(0 0 0)
(0 0 0)
(0.000154005 0 0)
(-0.000140125 0 0)
(-1.22331e-05 0 0)
(-1.5137e-06 0 0)
(-1.24615e-07 0 0)
(-7.4581e-09 0 0)
(-3.52009e-10 0 0)
(-1.37191e-11 0 0)
(-4.66021e-13 0 0)
(-6.60805e-15 0 0)
(1.33227e-17 0 0)
(-1.33227e-17 0 0)
(-1.24345e-17 0 0)
(-1.77636e-18 0 0)
(0 0 0)
(1.77636e-18 0 0)
(-1.77636e-18 0 0)
(0 0 0)
(1.77636e-18 0 0)
(-1.77636e-18 0 0)
(0 0 0)
(1.77636e-18 0 0)
(-1.77636e-18 0 0)
(0 0 0)
(1.77636e-18 0 0)
(0 0 0)
(0 0 0)
(-1.77636e-18 0 0)
(0 0 0)
(1.77636e-18 0 0)
(0 0 0)
(0 0 0)
(0 0 0)
(-1.77636e-18 0 0)
(-1.77636e-18 0 0)
(0 0 0)
(0 0 0)
(0 0 0)
(0 0 0)
(0 0 0)
(1.77636e-18 0 0)
(1.77636e-18 0 0)
(0 0 0)
(0 0 0)
(0 0 0)
(-1.77636e-18 0 0)
(0 0 0)
(1.77636e-18 0 0)
(0 0 0)
(0 0 0)
(0 0 0)
(0 0 0)
(0 0 0)
(0 0 0)
(0 0 0)
(-1.77636e-18 0 0)
(-1.77636e-18 0 0)
(1.77636e-18 0 0)
(0 0 0)
(0 0 0)
(0 0 0)
(0 0 0)
(0 0 0)
(0 0 0)
(0 0 0)
(0 0 0)
(0 0 0)
(-1.77636e-18 0 0)
(0 0 0)
(1.77636e-18 0 0)
(1.77636e-18 0 0)
(0 0 0)
(-1.77636e-18 0 0)
(0 0 0)
(1.77636e-18 0 0)
(0 0 0)
(-1.77636e-18 0 0)
(0 0 0)
(1.77636e-18 0 0)
(0 0 0)
(-1.77636e-18 0 0)
(-1.77636e-18 0 0)
(1.77636e-18 0 0)
(0 0 0)
(0 0 0)
(0 0 0)
(0 0 0)
(0 0 0)
(0 0 0)
(0 0 0)
(0 0 0)
(0 0 0)
(-1.77636e-18 0 0)
(0 0 0)
(1.77636e-18 0 0)
(1.77636e-18 0 0)
(0 0 0)
(-1.77636e-18 0 0)
(-1.77636e-18 0 0)
(0 0 0)
)
;
    }
    frontAndBack
    {
        type            empty;
    }
}


// ************************************************************************* //
