/*--------------------------------*- C++ -*----------------------------------*\
| =========                 |                                                 |
| \\      /  F ield         | OpenFOAM: The Open Source CFD Toolbox           |
|  \\    /   O peration     | Version:  2312                                  |
|   \\  /    A nd           | Website:  www.openfoam.com                      |
|    \\/     M anipulation  |                                                 |
\*---------------------------------------------------------------------------*/
FoamFile
{
    version     2.0;
    format      ascii;
    arch        "LSB;label=32;scalar=64";
    class       volVectorField;
    location    "1.3";
    object      flux;
}
// * * * * * * * * * * * * * * * * * * * * * * * * * * * * * * * * * * * * * //

dimensions      [0 1 -1 1 0 0 0];

internalField   nonuniform List<vector> 
100
(
(-0.00560025 0 0)
(-9.82643e-05 0 0)
(-7.26665e-06 0 0)
(-5.35345e-07 0 0)
(-2.23835e-08 0 0)
(-6.47079e-10 0 0)
(-1.44996e-11 0 0)
(-2.67796e-13 0 0)
(1.77636e-18 0 0)
(1.06581e-17 0 0)
(1.33227e-17 0 0)
(-1.33227e-17 0 0)
(-1.24345e-17 0 0)
(-1.77636e-18 0 0)
(0 0 0)
(1.77636e-18 0 0)
(-1.77636e-18 0 0)
(0 0 0)
(1.77636e-18 0 0)
(-1.77636e-18 0 0)
(0 0 0)
(1.77636e-18 0 0)
(-1.77636e-18 0 0)
(0 0 0)
(1.77636e-18 0 0)
(0 0 0)
(0 0 0)
(-1.77636e-18 0 0)
(0 0 0)
(1.77636e-18 0 0)
(0 0 0)
(0 0 0)
(0 0 0)
(-1.77636e-18 0 0)
(-1.77636e-18 0 0)
(0 0 0)
(0 0 0)
(0 0 0)
(0 0 0)
(0 0 0)
(1.77636e-18 0 0)
(1.77636e-18 0 0)
(0 0 0)
(0 0 0)
(0 0 0)
(-1.77636e-18 0 0)
(0 0 0)
(1.77636e-18 0 0)
(0 0 0)
(0 0 0)
(0 0 0)
(0 0 0)
(0 0 0)
(0 0 0)
(0 0 0)
(-1.77636e-18 0 0)
(-1.77636e-18 0 0)
(1.77636e-18 0 0)
(0 0 0)
(0 0 0)
(0 0 0)
(0 0 0)
(0 0 0)
(0 0 0)
(0 0 0)
(0 0 0)
(0 0 0)
(-1.77636e-18 0 0)
(0 0 0)
(1.77636e-18 0 0)
(1.77636e-18 0 0)
(0 0 0)
(-1.77636e-18 0 0)
(0 0 0)
(1.77636e-18 0 0)
(0 0 0)
(-1.77636e-18 0 0)
(0 0 0)
(1.77636e-18 0 0)
(0 0 0)
(-1.77636e-18 0 0)
(-1.77636e-18 0 0)
(1.77636e-18 0 0)
(0 0 0)
(0 0 0)
(0 0 0)
(0 0 0)
(0 0 0)
(0 0 0)
(0 0 0)
(0 0 0)
(0 0 0)
(-1.77636e-18 0 0)
(0 0 0)
(1.77636e-18 0 0)
(1.77636e-18 0 0)
(0 0 0)
(-1.77636e-18 0 0)
(-1.77636e-18 0 0)
(0 0 0)
)
;

boundaryField
{
    movingWall
    {
        type            calculated;
        value           uniform (-0.0110175 0 0);
    }
    fixedWalls
    {
        type            calculated;
        value           nonuniform List<vector> 
201
(
(-0.00560025 0 0)
(-9.82643e-05 0 0)
(-7.26665e-06 0 0)
(-5.35345e-07 0 0)
(-2.23835e-08 0 0)
(-6.47079e-10 0 0)
(-1.44996e-11 0 0)
(-2.67796e-13 0 0)
(1.77636e-18 0 0)
(1.06581e-17 0 0)
(1.33227e-17 0 0)
(-1.33227e-17 0 0)
(-1.24345e-17 0 0)
(-1.77636e-18 0 0)
(0 0 0)
(1.77636e-18 0 0)
(-1.77636e-18 0 0)
(0 0 0)
(1.77636e-18 0 0)
(-1.77636e-18 0 0)
(0 0 0)
(1.77636e-18 0 0)
(-1.77636e-18 0 0)
(0 0 0)
(1.77636e-18 0 0)
(0 0 0)
(0 0 0)
(-1.77636e-18 0 0)
(0 0 0)
(1.77636e-18 0 0)
(0 0 0)
(0 0 0)
(0 0 0)
(-1.77636e-18 0 0)
(-1.77636e-18 0 0)
(0 0 0)
(0 0 0)
(0 0 0)
(0 0 0)
(0 0 0)
(1.77636e-18 0 0)
(1.77636e-18 0 0)
(0 0 0)
(0 0 0)
(0 0 0)
(-1.77636e-18 0 0)
(0 0 0)
(1.77636e-18 0 0)
(0 0 0)
(0 0 0)
(0 0 0)
(0 0 0)
(0 0 0)
(0 0 0)
(0 0 0)
(-1.77636e-18 0 0)
(-1.77636e-18 0 0)
(1.77636e-18 0 0)
(0 0 0)
(0 0 0)
(0 0 0)
(0 0 0)
(0 0 0)
(0 0 0)
(0 0 0)
(0 0 0)
(0 0 0)
(-1.77636e-18 0 0)
(0 0 0)
(1.77636e-18 0 0)
(1.77636e-18 0 0)
(0 0 0)
(-1.77636e-18 0 0)
(0 0 0)
(1.77636e-18 0 0)
(0 0 0)
(-1.77636e-18 0 0)
(0 0 0)
(1.77636e-18 0 0)
(0 0 0)
(-1.77636e-18 0 0)
(-1.77636e-18 0 0)
(1.77636e-18 0 0)
(0 0 0)
(0 0 0)
(0 0 0)
(0 0 0)
(0 0 0)
(0 0 0)
(0 0 0)
(0 0 0)
(0 0 0)
(-1.77636e-18 0 0)
(0 0 0)
(1.77636e-18 0 0)
(1.77636e-18 0 0)
(0 0 0)
(-1.77636e-18 0 0)
(-1.77636e-18 0 0)
(0 0 0)
(0 0 0)
(-0.00560025 0 0)
(-9.82643e-05 0 0)
(-7.26665e-06 0 0)
(-5.35345e-07 0 0)
(-2.23835e-08 0 0)
(-6.47079e-10 0 0)
(-1.44996e-11 0 0)
(-2.67796e-13 0 0)
(1.77636e-18 0 0)
(1.06581e-17 0 0)
(1.33227e-17 0 0)
(-1.33227e-17 0 0)
(-1.24345e-17 0 0)
(-1.77636e-18 0 0)
(0 0 0)
(1.77636e-18 0 0)
(-1.77636e-18 0 0)
(0 0 0)
(1.77636e-18 0 0)
(-1.77636e-18 0 0)
(0 0 0)
(1.77636e-18 0 0)
(-1.77636e-18 0 0)
(0 0 0)
(1.77636e-18 0 0)
(0 0 0)
(0 0 0)
(-1.77636e-18 0 0)
(0 0 0)
(1.77636e-18 0 0)
(0 0 0)
(0 0 0)
(0 0 0)
(-1.77636e-18 0 0)
(-1.77636e-18 0 0)
(0 0 0)
(0 0 0)
(0 0 0)
(0 0 0)
(0 0 0)
(1.77636e-18 0 0)
(1.77636e-18 0 0)
(0 0 0)
(0 0 0)
(0 0 0)
(-1.77636e-18 0 0)
(0 0 0)
(1.77636e-18 0 0)
(0 0 0)
(0 0 0)
(0 0 0)
(0 0 0)
(0 0 0)
(0 0 0)
(0 0 0)
(-1.77636e-18 0 0)
(-1.77636e-18 0 0)
(1.77636e-18 0 0)
(0 0 0)
(0 0 0)
(0 0 0)
(0 0 0)
(0 0 0)
(0 0 0)
(0 0 0)
(0 0 0)
(0 0 0)
(-1.77636e-18 0 0)
(0 0 0)
(1.77636e-18 0 0)
(1.77636e-18 0 0)
(0 0 0)
(-1.77636e-18 0 0)
(0 0 0)
(1.77636e-18 0 0)
(0 0 0)
(-1.77636e-18 0 0)
(0 0 0)
(1.77636e-18 0 0)
(0 0 0)
(-1.77636e-18 0 0)
(-1.77636e-18 0 0)
(1.77636e-18 0 0)
(0 0 0)
(0 0 0)
(0 0 0)
(0 0 0)
(0 0 0)
(0 0 0)
(0 0 0)
(0 0 0)
(0 0 0)
(-1.77636e-18 0 0)
(0 0 0)
(1.77636e-18 0 0)
(1.77636e-18 0 0)
(0 0 0)
(-1.77636e-18 0 0)
(-1.77636e-18 0 0)
(0 0 0)
)
;
    }
    frontAndBack
    {
        type            empty;
    }
}


// ************************************************************************* //
